000005
000012
000017
000024
000030
000032
000034
000035
000039
000048
000060
000081
000091
000095
000104
000118
000125
000131
000133
000142
000154
000156
000158
000164
000169
000170
000177
000180
000184
000190
000193
000200
000208
000209
000210
000211
000221
000224
000225
000228
000232
000233
000235
000241
000250
000259
000262
000268
000278
000294
000303
000304
000306
000307
000308
000321
000322
000323
000340
000349
000352
000359
000363
000367
000372
000379
000387
000403
000404
000427
000428
000435
000438
000439
000443
000450
000461
000468
000474
000476
000477
000480
000483
000484
000491
000492
000499
000500
000518
000543
000544
000552
000554
000563
000564
000579
000588
000590
000591
000592
000608
000609
000613
000619
000620
000626
000635
000637
000648
000653
000672
000675
000682
000686
000689
000695
000711
000720
000726
000731
000738
000739
000740
000742
000746
000750
000752
000755
000760
000763
000764
000767
000776
000780
000791
000794
000796
000804
000815
000816
000822
000826
000827
000829
000848
000851
000860
000863
000871
000874
000882
000888
000889
000898
000908
000912
000919
000921
000929
000934
000936
000949
000950
000951
000958
000964
000966
000987
000999
001002
001011
001014
001015
001024
001027
001028
001036
001045
001069
001072
001074
001079
001082
001091
001110
001112
001119
001136
001140
001145
001147
001149
001151
001158
001166
001175
001176
001191
001203
001206
001207
001225
001237
001240
001248
001263
001273
001284
001286
001289
001290
001293
001298
001310
001324
001346
001352
001360
001375
001385
001397
001400
001405
001414
001420
001432
001434
001439
001442
001445
001457
001460
001464
001467
001472
001483
001490
001492
001497
001504
001510
001512
001514
001528
001529
001537
001539
001541
001548
001559
001593
001594
001595
001598
001612
001618
001627
001638
001640
001662
001685
001688
001689
001693
001707
001708
001721
001723
001725
001729
001749
001752
001756
001758
001771
001775
001789
001795
001807
001809
001810
001818
001833
001843
001861
001862
001864
001870
001872
001877
001878
001887
001894
001901
001902
001918
001920
001928
001930
001931
001933
001940
001944
001945
001948
001950
001954
001960
001962
001963
001977
001980
001981
001985
001995
002000
002006
002023
002024
002025
002027
002034
002047
002054
002055
002056
002063
002108
002114
002120
002125
002134
002135
002136
002139
002145
002151
002156
002163
002171
002176
002178
002180
002190
002191
002194
002197
002199
002215
002220
002224
002226
002234
002237
002238
002241
002253
002263
002266
002272
002273
002277
002279
002280
002281
002284
002287
002288
002308
002311
002315
002320
002321
002329
002335
002337
002340
002342
002345
002347
002352
002359
002361
002369
002371
002372
002374
002377
002382
002391
002420
002436
002439
002443
002448
002454
002462
002466
002468
002470
002471
002494
002496
002500
002501
002502
002513
002533
002545
002547
002549
002567
002572
002579
002585
002595
002598
002599
002600
002605
002611
002627
002634
002635
002636
002637
002645
002648
002649
002664
002683
002689
002695
002697
002699
002713
002718
002727
002730
002735
002747
002749
002751
002755
002763
002774
002778
002779
002782
002784
002786
002807
002820
002838
002842
002848
002855
002868
002875
002886
002893
002896
002906
002912
002917
002931
002932
002943
002946
002952
002957
002958
002963
002978
002984
002988
002989
003000
003004
003007
003015
003017
003021
003024
003031
003039
003044
003061
003065
003072
003082
003086
003117
003122
003124
003129
003146
003147
003150
003162
003163
003165
003177
003181
003183
003185
003188
003199
003200
003202
003207
003211
003213
003214
003239
003240
003253
003256
003258
003271
003273
003285
003292
003293
003308
003311
003313
003316
003320
003325
003331
003339
003343
003350
003356
003365
003369
003373
003379
003380
003382
003391
003395
003398
003401
003404
003412
003420
003421
003424
003429
003430
003450
003451
003453
003465
003470
003493
003496
003499
003500
003509
003516
003518
003521
003524
003525
003537
003546
003549
003550
003554
003564
003565
003566
003580
003586
003588
003599
003605
003606
003611
003621
003632
003634
003635
003636
003638
003644
003645
003646
003655
003660
003673
003675
003679
003690
003694
003698
003700
003703
003711
003714
003727
003729
003740
003748
003750
003753
003759
003773
003788
003792
003796
003797
003803
003806
003807
003817
003818
003828
003830
003834
003845
003847
003848
003856
003866
003868
003876
003889
003890
003912
003926
003932
003936
003948
003949
003954
003956
003963
003965
003969
003979
003983
003984
003990
003993
003996
004009
004011
004013
004014
004015
004016
004025
004035
004047
004057
004060
004067
004075
004077
004091
004093
004100
004122
004129
004136
004142
004146
004148
004149
004150
004171
004186
004189
004195
004204
004209
004212
004215
004220
004223
004224
004228
004229
004230
004246
004255
004257
004274
004292
004303
004304
004310
004312
004341
004367
004369
004372
004376
004380
004404
004405
004424
004429
004430
004432
004436
004438
004455
004457
004459
004464
004468
004484
004488
004490
004495
004498
004502
004507
004508
004519
004520
004524
004527
004530
004539
004540
004542
004552
004555
004562
004581
004588
004591
004592
004595
004604
004609
004611
004612
004625
004628
004631
004632
004634
004636
004647
004653
004655
004674
004675
004702
004706
004718
004742
004746
004748
004750
004761
004768
004777
004786
004788
004789
004793
004805
004815
004818
004836
004839
004840
004846
004857
004863
004867
004868
004885
004886
004890
004895
004902
004903
004905
004907
004912
004928
004929
004943
004950
004951
004962
004968
004974
004977
004984
004985
004987
004990
004991
004995
004998
004999
005001
005004
005026
005029
005032
005037
005045
005047
005054
005056
005057
005061
005073
005079
005090
005102
005129
005130
005131
005134
005135
005143
005144
005145
005153
005159
005168
005169
005173
005186
005195
005208
005209
005210
005222
005231
005239
005242
005246
005259
005260
005263
005267
005268
005269
005283
005288
005292
005303
005319
005331
005336
005337
005344
005345
005346
005367
005369
005373
005380
005388
005389
005395
005398
005407
005408
005418
005419
005420
005424
005429
005431
005439
005440
005454
005457
005467
005475
005478
005486
005487
005499
005507
005508
005509
005510
005511
005517
005526
005527
005536
005550
005566
005568
005573
005576
005577
005579
005584
005591
005603
005606
005608
005613
005615
005625
005631
005645
005653
005654
005655
005658
005662
005664
005674
005676
005682
005686
005687
005695
005697
005704
005713
005714
005718
005719
005728
005729
005741
005752
005756
005761
005762
005765
005782
005783
005791
005796
005803
005805
005812
005813
005824
005825
005826
005828
005838
005843
005845
005852
005856
005859
005860
005861
005863
005867
005873
005877
005878
005879
005881
005885
005888
005889
005894
005897
005903
005905
005906
005908
005910
005947
005948
005952
005954
005956
005968
005979
005983
005998
006001
006018
006026
006029
006033
006042
006058
006066
006071
006074
006079
006089
006091
006096
006103
006104
006108
006111
006124
006128
006135
006146
006150
006158
006161
006162
006166
006170
006174
006175
006179
006187
006188
006198
006216
006219
006221
006223
006240
006243
006247
006249
006251
006252
006254
006258
006260
006262
006264
006286
006289
006301
006305
006321
006329
006330
006341
006357
006362
006363
006374
006391
006392
006417
006418
006421
006425
006437
006448
006450
006463
006470
006472
006474
006482
006484
006503
006515
006543
006548
006549
006553
006562
006570
006603
006612
006617
006619
006621
006622
006627
006636
006645
006648
006657
006660
006664
006666
006679
006684
006690
006698
006706
006708
006736
006748
006751
006782
006786
006794
006797
006799
006806
006813
006822
006827
006829
006833
006836
006838
006845
006848
006855
006859
006860
006864
006880
006884
006886
006896
006899
006900
006903
006908
006909
006911
006918
006919
006922
006935
006945
006950
006952
006953
006958
006959
006966
006971
006976
006988
007003
007008
007021
007022
007023
007033
007035
007039
007042
007049
007050
007056
007059
007068
007070
007073
007075
007077
007080
007086
007089
007090
007092
007095
007097
007100
007101
007109
007114
007122
007128
007130
007132
007138
007139
007146
007147
007154
007165
007166
007168
007182
007184
007185
007191
007211
007213
007214
007215
007216
007222
007227
007234
007243
007247
007258
007259
007260
007261
007263
007266
007279
007280
007285
007289
007294
007298
007299
007322
007325
007370
007374
007381
007388
007390
007394
007408
007410
007411
007413
007419
007424
007432
007433
007435
007436
007437
007448
007465
007467
007474
007475
007479
007480
007483
007484
007486
007489
007493
007497
007506
007517
007526
007527
007535
007536
007537
007543
007544
007551
007555
007558
007565
007570
007575
007585
007600
007601
007611
007614
007615
007619
007622
007631
007647
007649
007654
007656
007657
007668
007670
007671
007672
007673
007678
007679
007683
007687
007691
007692
007694
007704
007712
007713
007715
007721
007724
007727
007729
007732
007735
007742
007746
007762
007768
007773
007775
007786
007791
007793
007812
007813
007815
007821
007824
007833
007840
007841
007843
007847
007857
007868
007869
007872
007878
007883
007884
007885
007889
007899
007901
007902
007920
007926
007928
007946
007947
007953
007954
007968
007974
007979
007984
007987
007996
008004
008005
008008
008012
008017
008023
008029
008048
008051
008057
008062
008064
008079
008086
008093
008100
008105
008127
008138
008139
008140
008142
008144
008160
008164
008166
008175
008188
008191
008200
008204
008208
008211
008223
008229
008232
008235
008241
008251
008262
008263
008272
008279
008281
008296
008297
008300
008301
008302
008306
008316
008317
008319
008320
008326
008329
008332
008335
008338
008341
008360
008365
008372
008381
008388
008391
008409
008415
008424
008434
008442
008445
008450
008453
008461
008462
008466
008468
008470
008484
008485
008495
008503
008506
008514
008519
008522
008523
008526
008530
008533
008535
008542
008549
008550
008568
008576
008595
008604
008608
008612
008615
008621
008633
008653
008655
008663
008667
008683
008709
008722
008723
008725
008727
008738
008741
008744
008747
008750
008755
008764
008770
008773
008801
008805
008809
008811
008814
008815
008833
008836
008837
008862
008867
008871
008883
008886
008888
008891
008900
008905
008911
008933
008944
008948
008951
008953
008955
008961
008962
008966
008970
008971
008973
008975
008982
008983
008989
008999
009002
009004
009006
009007
009016
009020
009024
009029
009032
009035
009037
009051
009058
009059
009073
009091
009099
009106
009112
009116
009126
009141
009148
009150
009153
009161
009162
009168
009174
009175
009178
009184
009186
009187
009191
009200
009205
009208
009214
009218
009224
009236
009242
009246
009247
009252
009268
009273
009279
009282
009289
009291
009307
009309
009312
009316
009318
009336
009337
009343
009348
009350
009359
009362
009371
009389
009394
009405
009410
009419
009421
009429
009434
009437
009438
009448
009455
009460
009463
009464
009466
009469
009470
009477
009484
009488
009491
009494
009504
009507
009512
009515
009518
009520
009523
009524
009528
009531
009532
009546
009558
009562
009567
009568
009571
009576
009579
009580
009585
009600
009603
009605
009609
009611
009614
009620
009655
009664
009667
009678
009686
009706
009709
009710
009718
009726
009732
009734
009746
009761
009764
009767
009773
009774
009785
009790
009810
009816
009822
009825
009833
009845
009851
009855
009860
009862
009863
009865
009868
009872
009877
009882
009884
009896
009900
009913
009923
009926
009932
009947
009949
009954
009961
