000005 -1
000012 -1
000017  1
000024 -1
000030  1
000032  1
000034 -1
000035  1
000039 -1
000048  1
000060 -1
000081  1
000091 -1
000095 -1
000104  1
000118 -1
000125  1
000131  1
000133  1
000142 -1
000154 -1
000156 -1
000158 -1
000164  1
000169  1
000170  1
000177  1
000180 -1
000184 -1
000190  1
000193  1
000200  1
000208 -1
000209 -1
000210  1
000211 -1
000221 -1
000224 -1
000225 -1
000228 -1
000232  1
000233 -1
000235 -1
000241 -1
000250 -1
000259  1
000262 -1
000268 -1
000278  1
000294 -1
000303 -1
000304 -1
000306 -1
000307 -1
000308  1
000321  1
000322  1
000323  1
000340 -1
000349 -1
000352  1
000359  1
000363 -1
000367  1
000372  1
000379 -1
000387 -1
000403 -1
000404 -1
000427 -1
000428  1
000435  1
000438  1
000439 -1
000443  1
000450 -1
000461 -1
000468  1
000474 -1
000476  1
000477  1
000480  1
000483  1
000484 -1
000491 -1
000492 -1
000499  1
000500  1
000518  1
000543 -1
000544 -1
000552 -1
000554  1
000563 -1
000564 -1
000579  1
000588 -1
000590 -1
000591  1
000592 -1
000608 -1
000609 -1
000613  1
000619 -1
000620 -1
000626  1
000635 -1
000637 -1
000648  1
000653 -1
000672 -1
000675 -1
000682 -1
000686 -1
000689 -1
000695  1
000711 -1
000720 -1
000726  1
000731  1
000738 -1
000739  1
000740 -1
000742  1
000746 -1
000750  1
000752  1
000755  1
000760  1
000763 -1
000764 -1
000767 -1
000776 -1
000780 -1
000791 -1
000794 -1
000796 -1
000804 -1
000815 -1
000816  1
000822 -1
000826 -1
000827 -1
000829  1
000848  1
000851  1
000860  1
000863 -1
000871 -1
000874  1
000882 -1
000888 -1
000889 -1
000898  1
000908 -1
000912 -1
000919 -1
000921 -1
000929 -1
000934 -1
000936 -1
000949  1
000950 -1
000951 -1
000958 -1
000964 -1
000966  1
000987  1
000999  1
001002 -1
001011  1
001014  1
001015 -1
001024  1
001027 -1
001028  1
001036  1
001045 -1
001069 -1
001072  1
001074 -1
001079  1
001082 -1
001091  1
001110 -1
001112 -1
001119 -1
001136 -1
001140  1
001145  1
001147  1
001149 -1
001151  1
001158 -1
001166 -1
001175  1
001176 -1
001191 -1
001203 -1
001206  1
001207 -1
001225 -1
001237 -1
001240  1
001248  1
001263 -1
001273 -1
001284  1
001286 -1
001289 -1
001290 -1
001293 -1
001298  1
001310  1
001324 -1
001346  1
001352  1
001360 -1
001375 -1
001385 -1
001397 -1
001400 -1
001405  1
001414  1
001420  1
001432 -1
001434  1
001439 -1
001442 -1
001445  1
001457 -1
001460  1
001464 -1
001467 -1
001472  1
001483 -1
001490 -1
001492 -1
001497 -1
001504  1
001510  1
001512 -1
001514  1
001528 -1
001529 -1
001537  1
001539 -1
001541 -1
001548  1
001559 -1
001593  1
001594  1
001595 -1
001598 -1
001612 -1
001618 -1
001627  1
001638 -1
001640  1
001662 -1
001685 -1
001688 -1
001689  1
001693 -1
001707 -1
001708 -1
001721  1
001723  1
001725  1
001729  1
001749  1
001752 -1
001756  1
001758  1
001771 -1
001775  1
001789  1
001795  1
001807  1
001809  1
001810  1
001818 -1
001833  1
001843  1
001861  1
001862 -1
001864  1
001870 -1
001872 -1
001877 -1
001878 -1
001887  1
001894  1
001901 -1
001902  1
001918  1
001920  1
001928 -1
001930  1
001931 -1
001933 -1
001940 -1
001944  1
001945  1
001948 -1
001950  1
001954 -1
001960 -1
001962 -1
001963  1
001977  1
001980  1
001981 -1
001985 -1
001995 -1
002000  1
002006 -1
002023 -1
002024  1
002025 -1
002027 -1
002034 -1
002047 -1
002054 -1
002055  1
002056 -1
002063 -1
002108  1
002114  1
002120  1
002125 -1
002134 -1
002135 -1
002136 -1
002139 -1
002145  1
002151 -1
002156  1
002163  1
002171  1
002176  1
002178 -1
002180  1
002190  1
002191 -1
002194  1
002197 -1
002199 -1
002215 -1
002220  1
002224  1
002226  1
002234 -1
002237 -1
002238  1
002241  1
002253 -1
002263 -1
002266 -1
002272  1
002273  1
002277  1
002279 -1
002280 -1
002281  1
002284 -1
002287 -1
002288  1
002308 -1
002311  1
002315 -1
002320 -1
002321 -1
002329  1
002335 -1
002337  1
002340 -1
002342  1
002345 -1
002347 -1
002352 -1
002359 -1
002361  1
002369 -1
002371 -1
002372  1
002374 -1
002377 -1
002382  1
002391 -1
002420 -1
002436 -1
002439 -1
002443  1
002448  1
002454 -1
002462 -1
002466 -1
002468 -1
002470 -1
002471 -1
002494 -1
002496 -1
002500 -1
002501  1
002502 -1
002513 -1
002533  1
002545  1
002547 -1
002549 -1
002567 -1
002572  1
002579 -1
002585  1
002595  1
002598 -1
002599 -1
002600 -1
002605 -1
002611  1
002627 -1
002634 -1
002635 -1
002636  1
002637  1
002645 -1
002648 -1
002649  1
002664 -1
002683 -1
002689  1
002695 -1
002697 -1
002699 -1
002713  1
002718 -1
002727  1
002730  1
002735  1
002747 -1
002749 -1
002751  1
002755  1
002763 -1
002774 -1
002778 -1
002779 -1
002782 -1
002784 -1
002786  1
002807  1
002820 -1
002838  1
002842  1
002848 -1
002855  1
002868 -1
002875 -1
002886  1
002893 -1
002896 -1
002906 -1
002912  1
002917 -1
002931  1
002932  1
002943 -1
002946 -1
002952 -1
002957 -1
002958  1
002963 -1
002978 -1
002984 -1
002988  1
002989 -1
003000 -1
003004 -1
003007 -1
003015 -1
003017  1
003021 -1
003024  1
003031  1
003039  1
003044  1
003061 -1
003065  1
003072 -1
003082 -1
003086  1
003117 -1
003122  1
003124  1
003129  1
003146 -1
003147  1
003150  1
003162  1
003163 -1
003165 -1
003177 -1
003181  1
003183 -1
003185  1
003188  1
003199 -1
003200 -1
003202 -1
003207 -1
003211 -1
003213  1
003214 -1
003239 -1
003240 -1
003253  1
003256 -1
003258 -1
003271 -1
003273 -1
003285 -1
003292  1
003293 -1
003308 -1
003311  1
003313  1
003316 -1
003320  1
003325 -1
003331  1
003339 -1
003343 -1
003350  1
003356 -1
003365 -1
003369  1
003373  1
003379 -1
003380  1
003382  1
003391  1
003395  1
003398 -1
003401 -1
003404 -1
003412  1
003420 -1
003421 -1
003424  1
003429  1
003430 -1
003450  1
003451 -1
003453  1
003465  1
003470  1
003493 -1
003496  1
003499 -1
003500 -1
003509 -1
003516 -1
003518  1
003521  1
003524 -1
003525 -1
003537 -1
003546 -1
003549 -1
003550  1
003554 -1
003564 -1
003565 -1
003566  1
003580  1
003586 -1
003588 -1
003599 -1
003605 -1
003606 -1
003611  1
003621  1
003632 -1
003634 -1
003635 -1
003636 -1
003638  1
003644  1
003645  1
003646 -1
003655  1
003660 -1
003673 -1
003675 -1
003679 -1
003690  1
003694  1
003698 -1
003700  1
003703  1
003711  1
003714 -1
003727 -1
003729 -1
003740  1
003748 -1
003750 -1
003753 -1
003759  1
003773 -1
003788 -1
003792 -1
003796 -1
003797  1
003803 -1
003806 -1
003807 -1
003817  1
003818 -1
003828 -1
003830 -1
003834 -1
003845 -1
003847  1
003848 -1
003856  1
003866 -1
003868  1
003876 -1
003889  1
003890 -1
003912 -1
003926 -1
003932  1
003936 -1
003948  1
003949 -1
003954 -1
003956 -1
003963  1
003965 -1
003969 -1
003979 -1
003983 -1
003984 -1
003990 -1
003993 -1
003996  1
004009 -1
004011 -1
004013 -1
004014  1
004015 -1
004016  1
004025 -1
004035 -1
004047  1
004057 -1
004060  1
004067  1
004075  1
004077  1
004091  1
004093 -1
004100 -1
004122  1
004129 -1
004136  1
004142  1
004146 -1
004148 -1
004149 -1
004150 -1
004171 -1
004186 -1
004189 -1
004195  1
004204 -1
004209  1
004212 -1
004215 -1
004220 -1
004223  1
004224  1
004228 -1
004229  1
004230  1
004246  1
004255 -1
004257  1
004274 -1
004292  1
004303 -1
004304  1
004310 -1
004312 -1
004341 -1
004367 -1
004369 -1
004372  1
004376 -1
004380  1
004404  1
004405 -1
004424  1
004429 -1
004430 -1
004432 -1
004436 -1
004438  1
004455 -1
004457  1
004459  1
004464  1
004468 -1
004484 -1
004488 -1
004490 -1
004495  1
004498 -1
004502 -1
004507 -1
004508  1
004519 -1
004520  1
004524 -1
004527 -1
004530  1
004539 -1
004540 -1
004542  1
004552 -1
004555 -1
004562  1
004581 -1
004588  1
004591 -1
004592 -1
004595  1
004604  1
004609  1
004611  1
004612 -1
004625 -1
004628 -1
004631  1
004632 -1
004634 -1
004636 -1
004647  1
004653  1
004655 -1
004674 -1
004675 -1
004702 -1
004706  1
004718  1
004742  1
004746 -1
004748 -1
004750  1
004761  1
004768 -1
004777 -1
004786 -1
004788  1
004789  1
004793 -1
004805 -1
004815  1
004818 -1
004836 -1
004839 -1
004840  1
004846  1
004857  1
004863 -1
004867 -1
004868  1
004885 -1
004886  1
004890 -1
004895 -1
004902  1
004903 -1
004905 -1
004907 -1
004912 -1
004928  1
004929 -1
004943  1
004950  1
004951 -1
004962 -1
004968  1
004974 -1
004977  1
004984 -1
004985  1
004987  1
004990  1
004991 -1
004995  1
004998 -1
004999 -1
005001 -1
005004 -1
005026 -1
005029  1
005032 -1
005037  1
005045  1
005047 -1
005054  1
005056 -1
005057  1
005061  1
005073 -1
005079 -1
005090  1
005102  1
005129  1
005130 -1
005131 -1
005134  1
005135 -1
005143 -1
005144  1
005145 -1
005153 -1
005159  1
005168 -1
005169 -1
005173  1
005186 -1
005195  1
005208  1
005209 -1
005210 -1
005222  1
005231  1
005239  1
005242  1
005246 -1
005259 -1
005260  1
005263 -1
005267 -1
005268  1
005269  1
005283  1
005288 -1
005292 -1
005303  1
005319 -1
005331  1
005336  1
005337 -1
005344  1
005345 -1
005346  1
005367 -1
005369 -1
005373 -1
005380 -1
005388 -1
005389 -1
005395 -1
005398  1
005407 -1
005408 -1
005418 -1
005419  1
005420 -1
005424  1
005429  1
005431 -1
005439  1
005440 -1
005454 -1
005457  1
005467  1
005475  1
005478  1
005486 -1
005487  1
005499  1
005507  1
005508  1
005509  1
005510 -1
005511  1
005517 -1
005526  1
005527  1
005536  1
005550  1
005566 -1
005568 -1
005573  1
005576 -1
005577 -1
005579 -1
005584 -1
005591 -1
005603 -1
005606  1
005608  1
005613  1
005615  1
005625 -1
005631  1
005645  1
005653  1
005654 -1
005655 -1
005658  1
005662  1
005664  1
005674 -1
005676 -1
005682  1
005686 -1
005687 -1
005695  1
005697 -1
005704  1
005713 -1
005714  1
005718 -1
005719  1
005728  1
005729  1
005741  1
005752 -1
005756 -1
005761  1
005762 -1
005765  1
005782 -1
005783 -1
005791 -1
005796  1
005803 -1
005805 -1
005812 -1
005813 -1
005824  1
005825 -1
005826  1
005828 -1
005838 -1
005843 -1
005845  1
005852  1
005856  1
005859  1
005860 -1
005861 -1
005863  1
005867 -1
005873  1
005877 -1
005878 -1
005879 -1
005881  1
005885  1
005888 -1
005889  1
005894 -1
005897 -1
005903  1
005905  1
005906  1
005908  1
005910  1
005947 -1
005948  1
005952 -1
005954 -1
005956  1
005968 -1
005979  1
005983 -1
005998 -1
006001 -1
006018 -1
006026 -1
006029  1
006033  1
006042 -1
006058 -1
006066 -1
006071  1
006074 -1
006079 -1
006089 -1
006091 -1
006096 -1
006103  1
006104  1
006108 -1
006111 -1
006124 -1
006128  1
006135 -1
006146 -1
006150  1
006158  1
006161  1
006162 -1
006166 -1
006170 -1
006174 -1
006175  1
006179  1
006187  1
006188 -1
006198  1
006216 -1
006219 -1
006221  1
006223 -1
006240  1
006243  1
006247 -1
006249 -1
006251 -1
006252 -1
006254 -1
006258 -1
006260 -1
006262 -1
006264 -1
006286  1
006289  1
006301 -1
006305 -1
006321 -1
006329 -1
006330 -1
006341  1
006357 -1
006362 -1
006363 -1
006374 -1
006391  1
006392  1
006417 -1
006418 -1
006421 -1
006425 -1
006437 -1
006448 -1
006450  1
006463  1
006470 -1
006472 -1
006474 -1
006482  1
006484 -1
006503  1
006515 -1
006543 -1
006548 -1
006549 -1
006553 -1
006562 -1
006570 -1
006603 -1
006612  1
006617  1
006619 -1
006621  1
006622 -1
006627 -1
006636 -1
006645  1
006648  1
006657 -1
006660 -1
006664  1
006666  1
006679 -1
006684 -1
006690  1
006698  1
006706 -1
006708 -1
006736 -1
006748  1
006751 -1
006782  1
006786  1
006794 -1
006797  1
006799 -1
006806 -1
006813 -1
006822 -1
006827 -1
006829 -1
006833  1
006836  1
006838  1
006845 -1
006848 -1
006855  1
006859 -1
006860 -1
006864  1
006880  1
006884 -1
006886 -1
006896  1
006899 -1
006900 -1
006903  1
006908  1
006909 -1
006911  1
006918 -1
006919  1
006922 -1
006935 -1
006945  1
006950  1
006952 -1
006953 -1
006958  1
006959  1
006966 -1
006971 -1
006976 -1
006988  1
007003 -1
007008 -1
007021 -1
007022 -1
007023  1
007033 -1
007035  1
007039 -1
007042 -1
007049  1
007050 -1
007056 -1
007059  1
007068 -1
007070 -1
007073  1
007075 -1
007077 -1
007080  1
007086 -1
007089 -1
007090 -1
007092 -1
007095 -1
007097 -1
007100 -1
007101 -1
007109  1
007114  1
007122  1
007128  1
007130 -1
007132 -1
007138  1
007139  1
007146 -1
007147  1
007154  1
007165 -1
007166 -1
007168 -1
007182  1
007184  1
007185 -1
007191 -1
007211 -1
007213  1
007214  1
007215 -1
007216  1
007222 -1
007227  1
007234  1
007243  1
007247 -1
007258 -1
007259 -1
007260  1
007261  1
007263 -1
007266  1
007279 -1
007280 -1
007285 -1
007289 -1
007294 -1
007298  1
007299 -1
007322 -1
007325  1
007370 -1
007374 -1
007381  1
007388  1
007390 -1
007394 -1
007408  1
007410  1
007411 -1
007413  1
007419 -1
007424 -1
007432 -1
007433 -1
007435 -1
007436  1
007437 -1
007448  1
007465 -1
007467 -1
007474 -1
007475  1
007479 -1
007480  1
007483  1
007484  1
007486 -1
007489 -1
007493  1
007497  1
007506 -1
007517 -1
007526  1
007527 -1
007535  1
007536 -1
007537 -1
007543  1
007544 -1
007551 -1
007555 -1
007558  1
007565 -1
007570  1
007575 -1
007585 -1
007600 -1
007601 -1
007611  1
007614 -1
007615 -1
007619  1
007622 -1
007631  1
007647  1
007649  1
007654 -1
007656  1
007657  1
007668  1
007670 -1
007671 -1
007672 -1
007673 -1
007678 -1
007679 -1
007683  1
007687  1
007691 -1
007692 -1
007694  1
007704 -1
007712  1
007713 -1
007715 -1
007721 -1
007724 -1
007727  1
007729 -1
007732 -1
007735  1
007742 -1
007746  1
007762 -1
007768  1
007773 -1
007775 -1
007786  1
007791 -1
007793  1
007812 -1
007813  1
007815  1
007821  1
007824 -1
007833 -1
007840 -1
007841  1
007843 -1
007847 -1
007857 -1
007868 -1
007869 -1
007872  1
007878  1
007883 -1
007884  1
007885 -1
007889  1
007899 -1
007901  1
007902  1
007920 -1
007926 -1
007928  1
007946  1
007947 -1
007953  1
007954 -1
007968 -1
007974 -1
007979  1
007984  1
007987  1
007996  1
008004 -1
008005 -1
008008  1
008012 -1
008017 -1
008023  1
008029 -1
008048  1
008051 -1
008057 -1
008062 -1
008064 -1
008079  1
008086  1
008093 -1
008100 -1
008105  1
008127  1
008138 -1
008139  1
008140 -1
008142  1
008144 -1
008160  1
008164  1
008166 -1
008175  1
008188  1
008191 -1
008200 -1
008204  1
008208 -1
008211  1
008223 -1
008229 -1
008232  1
008235 -1
008241  1
008251 -1
008262 -1
008263  1
008272  1
008279  1
008281  1
008296 -1
008297 -1
008300 -1
008301  1
008302  1
008306 -1
008316 -1
008317 -1
008319 -1
008320 -1
008326 -1
008329 -1
008332  1
008335 -1
008338 -1
008341  1
008360  1
008365 -1
008372 -1
008381  1
008388 -1
008391  1
008409 -1
008415 -1
008424 -1
008434 -1
008442 -1
008445  1
008450 -1
008453  1
008461  1
008462 -1
008466 -1
008468 -1
008470  1
008484 -1
008485  1
008495 -1
008503  1
008506 -1
008514  1
008519 -1
008522 -1
008523 -1
008526  1
008530 -1
008533 -1
008535 -1
008542 -1
008549 -1
008550  1
008568 -1
008576  1
008595 -1
008604  1
008608 -1
008612  1
008615 -1
008621 -1
008633 -1
008653 -1
008655 -1
008663  1
008667 -1
008683 -1
008709 -1
008722 -1
008723 -1
008725 -1
008727 -1
008738  1
008741 -1
008744  1
008747 -1
008750 -1
008755 -1
008764 -1
008770 -1
008773 -1
008801  1
008805  1
008809 -1
008811 -1
008814 -1
008815 -1
008833  1
008836  1
008837 -1
008862  1
008867  1
008871 -1
008883 -1
008886  1
008888 -1
008891  1
008900  1
008905 -1
008911  1
008933 -1
008944  1
008948 -1
008951 -1
008953  1
008955 -1
008961  1
008962 -1
008966 -1
008970 -1
008971 -1
008973 -1
008975  1
008982 -1
008983  1
008989 -1
008999 -1
009002 -1
009004 -1
009006 -1
009007 -1
009016 -1
009020  1
009024  1
009029 -1
009032 -1
009035 -1
009037 -1
009051 -1
009058 -1
009059 -1
009073  1
009091  1
009099 -1
009106 -1
009112 -1
009116 -1
009126 -1
009141  1
009148 -1
009150 -1
009153  1
009161  1
009162 -1
009168 -1
009174  1
009175 -1
009178 -1
009184  1
009186 -1
009187 -1
009191 -1
009200 -1
009205 -1
009208  1
009214  1
009218 -1
009224  1
009236  1
009242  1
009246 -1
009247 -1
009252 -1
009268 -1
009273  1
009279 -1
009282 -1
009289 -1
009291  1
009307 -1
009309 -1
009312  1
009316  1
009318  1
009336  1
009337 -1
009343  1
009348 -1
009350 -1
009359 -1
009362  1
009371 -1
009389 -1
009394  1
009405 -1
009410  1
009419 -1
009421  1
009429 -1
009434  1
009437  1
009438 -1
009448  1
009455 -1
009460  1
009463 -1
009464 -1
009466 -1
009469  1
009470 -1
009477  1
009484 -1
009488 -1
009491 -1
009494  1
009504  1
009507 -1
009512  1
009515 -1
009518  1
009520  1
009523 -1
009524  1
009528 -1
009531  1
009532  1
009546  1
009558  1
009562 -1
009567  1
009568  1
009571 -1
009576 -1
009579  1
009580 -1
009585  1
009600  1
009603  1
009605 -1
009609  1
009611  1
009614  1
009620 -1
009655  1
009664 -1
009667 -1
009678 -1
009686 -1
009706 -1
009709 -1
009710 -1
009718  1
009726  1
009732  1
009734  1
009746 -1
009761 -1
009764 -1
009767  1
009773  1
009774 -1
009785 -1
009790 -1
009810 -1
009816 -1
009822  1
009825 -1
009833 -1
009845  1
009851  1
009855 -1
009860 -1
009862 -1
009863 -1
009865 -1
009868  1
009872 -1
009877  1
009882  1
009884 -1
009896 -1
009900  1
009913 -1
009923 -1
009926  1
009932 -1
009947  1
009949  1
009954  1
009961 -1
